bank_id,bank_name,bank_logo,bank_licence,product_name,product_url,rate_min,rate_max,amount_from,amount_to,period_from,period_to,currency,efficient_rate,is_special_offer,is_online_opening_possible,is_partial_withdrawal_possible,is_replenishment_possible,action_title,action_percent,action_link,capitalization,early_termination_method,rates_min,rates_max
619,Банк Жилищного Финансирования,https://cdn.banki.ru/cdn/bank/619_modern_logo_url.svg,3138,Лидер 3,https://www.banki.ru/products/deposits/deposit/25851/,13.7,13.7,30000,,91,91.0,RUB,13.7,True,True,False,False,Бонус от суммы вклада за оформление онлайн на Банки.ру,1.7,https://www.banki.ru/specials/deposits/bonus_k_stavke_2026/,нет,по ставке до востребования,13.7,13.7
619,Банк Жилищного Финансирования,https://cdn.banki.ru/cdn/bank/619_modern_logo_url.svg,3138,Лидер 6,https://www.banki.ru/products/deposits/deposit/25852/,12.8,12.8,30000,,181,181.0,RUB,12.8,True,True,False,False,Бонус от суммы вклада за оформление онлайн на Банки.ру,0.5,https://www.banki.ru/specials/deposits/bonus_k_stavke_2026/,нет,по ставке до востребования,12.8,12.8
190178,Свой Банк,https:,3223,Свой вклад с Банки.ру,https://www.banki.ru/products/deposits/deposit/25294/,13.46,13.46,30000,30000000.0,91,91.0,RUB,13.61,True,True,False,False,Бонус от суммы вклада за оформление онлайн на Банки.ру,1.5,https://www.banki.ru/specials/deposits/bonus_k_stavke_2026/,есть,по ставке до востребования,13.61,13.61
190178,Свой Банк,https:,3223,Свой вклад с Банки.ру,https://www.banki.ru/products/deposits/deposit/25818/,13.37,13.37,30000,30000000.0,121,121.0,RUB,13.59,True,True,False,False,,,,есть,по ставке до востребования,13.59,13.59
190178,Свой Банк,https:,3223,Свой вклад с Банки.ру,https://www.banki.ru/products/deposits/deposit/24800/,13.23,13.23,30000,30000000.0,181,181.0,RUB,13.6,True,True,False,False,Бонус от суммы вклада за оформление онлайн на Банки.ру,0.5,https://www.banki.ru/specials/deposits/bonus_k_stavke_2026/,есть,по ставке до востребования,13.6,13.6
190178,Свой Банк,https:,3223,Свой вклад с Банки.ру,https://www.banki.ru/products/deposits/deposit/24801/,9.57,9.57,30000,30000000.0,367,367.0,RUB,10.0,True,True,False,False,Бонус от суммы вклада за оформление онлайн на Банки.ру,0.5,https://www.banki.ru/specials/deposits/bonus_k_stavke_2026/,есть,по ставке до востребования,10.0,10.0
9183,Локо-Банк,https://cdn.banki.ru/cdn/bank/9183_modern_logo_url.png,2707,Локо-Вклад. Банки.ру,https://www.banki.ru/products/deposits/deposit/24585/,13.6,13.6,300000,30000000.0,182,182.0,RUB,13.6,True,True,False,False,Бонус от суммы вклада за оформление онлайн на Банки.ру,0.5,https://www.banki.ru/specials/deposits/bonus_k_stavke_2026/,нет,по ставке до востребования,13.6,13.6
9183,Локо-Банк,https://cdn.banki.ru/cdn/bank/9183_modern_logo_url.png,2707,Локо-Вклад. Банки.ру,https://www.banki.ru/products/deposits/deposit/25856/,13.5,13.5,300000,30000000.0,95,95.0,RUB,13.5,True,True,False,False,Бонус от суммы вклада за оформление онлайн на Банки.ру,1.5,https://www.banki.ru/specials/deposits/bonus_k_stavke_2026/,нет,по ставке до востребования,13.5,13.5
9183,Локо-Банк,https://cdn.banki.ru/cdn/bank/9183_modern_logo_url.png,2707,Локо-Вклад Плюс. Банки.ру,https://www.banki.ru/products/deposits/deposit/26029/,13.3,13.3,300000,30000000.0,95,95.0,RUB,13.3,True,True,False,False,,,,нет,по ставке до востребования,13.3,13.3
9183,Локо-Банк,https://cdn.banki.ru/cdn/bank/9183_modern_logo_url.png,2707,Локо-Вклад. Банки.ру,https://www.banki.ru/products/deposits/deposit/25816/,13.51,13.51,300000,30000000.0,122,122.0,RUB,13.51,True,True,False,False,Бонус от суммы вклада за оформление онлайн на Банки.ру,1.5,https://www.banki.ru/specials/deposits/bonus_k_stavke_2026/,нет,по ставке до востребования,13.51,13.51
9183,Локо-Банк,https://cdn.banki.ru/cdn/bank/9183_modern_logo_url.png,2707,Локо-Вклад. Банки.ру,https://www.banki.ru/products/deposits/deposit/25817/,13.55,13.55,300000,30000000.0,150,150.0,RUB,13.55,True,True,False,False,,,,нет,по ставке до востребования,13.55,13.55
9183,Локо-Банк,https://cdn.banki.ru/cdn/bank/9183_modern_logo_url.png,2707,Локо-Вклад. Банки.ру,https://www.banki.ru/products/deposits/deposit/25029/,10.25,10.25,300000,30000000.0,370,370.0,RUB,10.25,True,True,False,False,Бонус от суммы вклада за оформление онлайн на Банки.ру,0.5,https://www.banki.ru/specials/deposits/bonus_k_stavke_2026/,нет,по ставке до востребования,10.25,10.25
9183,Локо-Банк,https://cdn.banki.ru/cdn/bank/9183_modern_logo_url.png,2707,Локо-Вклад Плюс. Банки.ру,https://www.banki.ru/products/deposits/deposit/26032/,13.45,13.45,300000,30000000.0,182,182.0,RUB,13.45,True,True,False,False,,,,нет,по ставке до востребования,13.45,13.45
9183,Локо-Банк,https://cdn.banki.ru/cdn/bank/9183_modern_logo_url.png,2707,Локо-Вклад Плюс. Банки.ру,https://www.banki.ru/products/deposits/deposit/26031/,13.45,13.45,300000,30000000.0,150,150.0,RUB,13.45,True,True,False,False,,,,нет,по ставке до востребования,13.45,13.45
9183,Локо-Банк,https://cdn.banki.ru/cdn/bank/9183_modern_logo_url.png,2707,Локо-Вклад Плюс. Банки.ру,https://www.banki.ru/products/deposits/deposit/26030/,13.3,13.3,300000,30000000.0,122,122.0,RUB,13.3,True,True,False,False,,,,нет,по ставке до востребования,13.3,13.3
9183,Локо-Банк,https://cdn.banki.ru/cdn/bank/9183_modern_logo_url.png,2707,Локо-Вклад Плюс. Банки.ру,https://www.banki.ru/products/deposits/deposit/26033/,10.0,10.0,300000,30000000.0,370,370.0,RUB,10.0,True,True,False,False,,,,нет,по ставке до востребования,10.0,10.0
9011,Металлинвестбанк,https://cdn.banki.ru/cdn/bank/9011_modern_logo_url.svg,2440,Максимальный доход_181,https://www.banki.ru/products/deposits/deposit/25862/,13.6,13.6,100000,,181,181.0,RUB,13.6,True,True,False,False,Бонус от суммы вклада за оформление онлайн на Банки.ру,0.5,https://www.banki.ru/specials/deposits/bonus_k_stavke_2026/,нет,по ставке до востребования,13.6,13.6
9011,Металлинвестбанк,https://cdn.banki.ru/cdn/bank/9011_modern_logo_url.svg,2440,Максимальный доход_367,https://www.banki.ru/products/deposits/deposit/25863/,13.0,13.0,100000,,367,367.0,RUB,13.0,True,True,False,False,,,,нет,на льготных условиях,13.0,13.0
9011,Металлинвестбанк,https://cdn.banki.ru/cdn/bank/9011_modern_logo_url.svg,2440,Максимальный доход_550,https://www.banki.ru/products/deposits/deposit/25866/,12.2,12.2,100000,,550,550.0,RUB,12.2,True,True,False,False,,,,нет,на льготных условиях,12.2,12.2
9011,Металлинвестбанк,https://cdn.banki.ru/cdn/bank/9011_modern_logo_url.svg,2440,Максимальный доход_740,https://www.banki.ru/products/deposits/deposit/25864/,11.7,11.7,100000,,740,740.0,RUB,11.7,True,True,False,False,,,,нет,на льготных условиях,11.7,11.7
9011,Металлинвестбанк,https://cdn.banki.ru/cdn/bank/9011_modern_logo_url.svg,2440,Максимальный доход_1100,https://www.banki.ru/products/deposits/deposit/25865/,10.7,10.7,100000,,1100,1100.0,RUB,10.7,True,True,False,False,,,,нет,на льготных условиях,10.7,10.7
191928,БыстроБанк,https://cdn.banki.ru/cdn/bank/191928_modern_logo_url.svg,1745,Выгодный-Банки.Ру,https://www.banki.ru/products/deposits/deposit/25510/,13.55,13.55,150000,,181,181.0,RUB,13.55,True,True,False,False,Бонус от суммы вклада за оформление онлайн на Банки.ру,0.7,https://www.banki.ru/specials/deposits/bonus_k_stavke_2026/,нет,по ставке до востребования,13.55,13.55
191928,БыстроБанк,https://cdn.banki.ru/cdn/bank/191928_modern_logo_url.svg,1745,Выгодный-Банки.Ру,https://www.banki.ru/products/deposits/deposit/25928/,13.7,13.7,150000,,366,366.0,RUB,13.7,True,True,False,False,Бонус от суммы вклада за оформление онлайн на Банки.ру,0.5,https://www.banki.ru/specials/deposits/bonus_k_stavke_2026/,нет,по ставке до востребования,13.7,13.7
191928,БыстроБанк,https://cdn.banki.ru/cdn/bank/191928_modern_logo_url.svg,1745,Выгодный-Банки.Ру,https://www.banki.ru/products/deposits/deposit/26404/,13.5,13.5,150000,,121,121.0,RUB,13.5,False,True,False,False,,,,нет,по ставке до востребования,13.5,13.5
191928,БыстроБанк,https://cdn.banki.ru/cdn/bank/191928_modern_logo_url.svg,1745,Выгодный-Банки.Ру,https://www.banki.ru/products/deposits/deposit/26145/,13.3,13.3,150000,,271,271.0,RUB,13.3,False,True,False,False,,,,нет,по ставке до востребования,13.3,13.3
76620,Совкомбанк,https://cdn.banki.ru/cdn/bank/76620_modern_logo_url.svg,963,Доходный премиум на 91 день,https://www.banki.ru/products/deposits/deposit/26088/,13.5,13.5,1400000,10000000.0,91,91.0,RUB,13.5,True,True,False,False,Бонус от суммы вклада за оформление онлайн на Банки.ру,1.5,https://www.banki.ru/specials/deposits/bonus_k_stavke_2026/,нет,по ставке до востребования,13.5,13.5
76620,Совкомбанк,https://cdn.banki.ru/cdn/bank/76620_modern_logo_url.svg,963,Доходный премиум на 181 день,https://www.banki.ru/products/deposits/deposit/26136/,13.0,13.0,1400000,10000000.0,181,181.0,RUB,13.0,True,True,False,False,Бонус от суммы вклада за оформление онлайн на Банки.ру,0.5,https://www.banki.ru/specials/deposits/bonus_k_stavke_2026/,нет,на льготных условиях,13.0,13.0
76620,Совкомбанк,https://cdn.banki.ru/cdn/bank/76620_modern_logo_url.svg,963,Доходный премиум на 271 день,https://www.banki.ru/products/deposits/deposit/26137/,12.8,12.8,1400000,10000000.0,271,271.0,RUB,12.8,True,True,False,False,,,,нет,на льготных условиях,12.8,12.8
76620,Совкомбанк,https://cdn.banki.ru/cdn/bank/76620_modern_logo_url.svg,963,Доходный премиум на 365 дней,https://www.banki.ru/products/deposits/deposit/26138/,12.6,12.6,1400000,10000000.0,365,365.0,RUB,12.6,True,True,False,False,,,,нет,на льготных условиях,12.6,12.6
76620,Совкомбанк,https://cdn.banki.ru/cdn/bank/76620_modern_logo_url.svg,963,Доходный премиум на 730 дней,https://www.banki.ru/products/deposits/deposit/26139/,12.6,12.6,1400000,10000000.0,730,730.0,RUB,12.6,True,True,False,False,,,,нет,на льготных условиях,12.6,12.6
76620,Совкомбанк,https://cdn.banki.ru/cdn/bank/76620_modern_logo_url.svg,963,Доходный премиум на 1095 дней,https://www.banki.ru/products/deposits/deposit/26140/,12.5,12.5,1400000,10000000.0,1095,1095.0,RUB,12.5,True,True,False,False,,,,нет,на льготных условиях,12.5,12.5
192890,Реалист Банк,https://cdn.banki.ru/cdn/bank/192890_modern_logo_url.svg,1067,Выгодный Банки.ру,https://www.banki.ru/products/deposits/deposit/25868/,13.31,13.31,10000,,91,91.0,RUB,13.31,True,True,False,False,Бонус от суммы вклада за оформление онлайн на Банки.ру,1.5,https://www.banki.ru/specials/deposits/bonus_k_stavke_2026/,нет,по ставке до востребования,13.31,13.31
192890,Реалист Банк,https://cdn.banki.ru/cdn/bank/192890_modern_logo_url.svg,1067,Выгодный Банки.ру,https://www.banki.ru/products/deposits/deposit/25869/,13.55,13.55,10000,,181,181.0,RUB,13.55,True,True,False,False,Бонус от суммы вклада за оформление онлайн на Банки.ру,0.5,https://www.banki.ru/specials/deposits/bonus_k_stavke_2026/,нет,по ставке до востребования,13.55,13.55
192890,Реалист Банк,https://cdn.banki.ru/cdn/bank/192890_modern_logo_url.svg,1067,Выгодный Банки.ру,https://www.banki.ru/products/deposits/deposit/26371/,13.3,13.3,10000,,370,370.0,RUB,13.3,True,True,False,False,,,,нет,по ставке до востребования,13.3,13.3
192890,Реалист Банк,https://cdn.banki.ru/cdn/bank/192890_modern_logo_url.svg,1067,Выгодный Банки.ру,https://www.banki.ru/products/deposits/deposit/26369/,13.3,13.3,10000,,271,271.0,RUB,13.3,True,True,False,False,,,,нет,по ставке до востребования,13.3,13.3
68792,ФИНСТАР БАНК,https://cdn.banki.ru/cdn/bank/68792_modern_logo_url.svg,3245,Классический онлайн +,https://www.banki.ru/products/deposits/deposit/26147/,13.2,13.2,200000,2000000.0,91,91.0,RUB,13.2,True,True,False,False,Бонус от суммы вклада за оформление онлайн на Банки.ру,1.5,https://www.banki.ru/specials/deposits/bonus_k_stavke_2026/,нет,по ставке до востребования,13.2,13.2
68792,ФИНСТАР БАНК,https://cdn.banki.ru/cdn/bank/68792_modern_logo_url.svg,3245,Классический онлайн +,https://www.banki.ru/products/deposits/deposit/26149/,12.75,12.75,200000,2000000.0,367,367.0,RUB,12.75,True,True,False,False,Бонус от суммы вклада за оформление онлайн на Банки.ру,0.5,https://www.banki.ru/specials/deposits/bonus_k_stavke_2026/,нет,по ставке до востребования,12.75,12.75
68792,ФИНСТАР БАНК,https://cdn.banki.ru/cdn/bank/68792_modern_logo_url.svg,3245,Классический онлайн +,https://www.banki.ru/products/deposits/deposit/26148/,13.15,13.15,200000,2000000.0,181,181.0,RUB,13.15,True,True,False,False,Бонус от суммы вклада за оформление онлайн на Банки.ру,0.5,https://www.banki.ru/specials/deposits/bonus_k_stavke_2026/,нет,по ставке до востребования,13.15,13.15
193364,КАМКОМБАНК,https://cdn.banki.ru/cdn/bank/193364_modern_logo_url.svg,438,Онлайн,https://www.banki.ru/products/deposits/deposit/25700/,13.4,13.4,100000,10000000.0,91,91.0,RUB,13.4,True,True,False,False,,,,нет,по ставке до востребования,13.4,13.4
193364,КАМКОМБАНК,https://cdn.banki.ru/cdn/bank/193364_modern_logo_url.svg,438,Онлайн,https://www.banki.ru/products/deposits/deposit/24460/,13.0,13.0,100000,10000000.0,186,186.0,RUB,13.0,True,True,False,False,,,,нет,по ставке до востребования,13.0,13.0
193364,КАМКОМБАНК,https://cdn.banki.ru/cdn/bank/193364_modern_logo_url.svg,438,Онлайн,https://www.banki.ru/products/deposits/deposit/25701/,12.6,12.6,100000,10000000.0,280,280.0,RUB,12.6,True,True,False,False,,,,нет,по ставке до востребования,12.6,12.6
193364,КАМКОМБАНК,https://cdn.banki.ru/cdn/bank/193364_modern_logo_url.svg,438,Онлайн,https://www.banki.ru/products/deposits/deposit/25702/,12.1,12.1,100000,10000000.0,367,367.0,RUB,12.1,True,True,False,False,,,,нет,по ставке до востребования,12.1,12.1
191203,Примсоцбанк,https://cdn.banki.ru/cdn/bank/191203_modern_logo_url.svg,2733,Спринт Маркетплейс,https://www.banki.ru/products/deposits/deposit/25234/,13.5,13.5,100000,50000000.0,91,91.0,RUB,13.5,True,True,False,False,Бонус от суммы вклада за оформление онлайн на Банки.ру,1.5,https://www.banki.ru/specials/deposits/bonus_k_stavke_2026/,нет,по ставке до востребования,13.5,13.5
17270,Самолет Банк,https:,2846,Самолет Вклад_91,https://www.banki.ru/products/deposits/deposit/25961/,13.05,13.05,100000,10000000.0,91,91.0,RUB,13.05,True,True,False,False,Бонус от суммы вклада за оформление онлайн на Банки.ру,1.5,https://www.banki.ru/specials/deposits/bonus_k_stavke_2026/,нет,по ставке до востребования,13.05,13.05
17270,Самолет Банк,https:,2846,Самолет Вклад_183,https://www.banki.ru/products/deposits/deposit/25962/,13.0,13.0,100000,10000000.0,183,183.0,RUB,13.0,True,True,False,False,Бонус от суммы вклада за оформление онлайн на Банки.ру,0.5,https://www.banki.ru/specials/deposits/bonus_k_stavke_2026/,нет,по ставке до востребования,13.0,13.0
17270,Самолет Банк,https:,2846,Самолет Вклад_367,https://www.banki.ru/products/deposits/deposit/25963/,12.75,12.75,100000,10000000.0,367,367.0,RUB,12.75,True,True,False,False,Бонус от суммы вклада за оформление онлайн на Банки.ру,0.5,https://www.banki.ru/specials/deposits/bonus_k_stavke_2026/,нет,по ставке до востребования,12.75,12.75
17270,Самолет Банк,https:,2846,Самолет Вклад_546,https://www.banki.ru/products/deposits/deposit/25964/,12.5,12.5,100000,10000000.0,546,546.0,RUB,12.5,True,True,False,False,,,,нет,по ставке до востребования,12.5,12.5
17270,Самолет Банк,https:,2846,Самолет Вклад_730,https://www.banki.ru/products/deposits/deposit/25965/,12.25,12.25,100000,10000000.0,730,730.0,RUB,12.25,True,True,False,False,,,,нет,по ставке до востребования,12.25,12.25
17270,Самолет Банк,https:,2846,Целепорт Плюс,https://www.banki.ru/products/deposits/deposit/26069/,10.5,10.5,400000,5000000.0,546,546.0,RUB,10.5,False,True,False,True,,,,нет,на льготных условиях,10.5,10.5
193292,Норвик Банк,https://cdn.banki.ru/cdn/bank/193292_modern_logo_url.svg,902,Быстрый доход,https://www.banki.ru/products/deposits/deposit/25050/,13.0,13.0,100000,50000000.0,93,93.0,RUB,13.0,True,True,False,False,,,,нет,по ставке до востребования,13.0,13.0
193292,Норвик Банк,https://cdn.banki.ru/cdn/bank/193292_modern_logo_url.svg,902,Быстрый доход,https://www.banki.ru/products/deposits/deposit/25616/,12.0,12.0,100000,50000000.0,182,182.0,RUB,12.0,True,True,False,False,,,,нет,по ставке до востребования,12.0,12.0
193292,Норвик Банк,https://cdn.banki.ru/cdn/bank/193292_modern_logo_url.svg,902,Быстрый доход ,https://www.banki.ru/products/deposits/deposit/26041/,13.0,13.0,100000,50000000.0,61,61.0,RUB,13.0,True,True,False,False,,,,нет,по ставке до востребования,13.0,13.0
37473,СДМ-Банк,https://cdn.banki.ru/cdn/bank/37473_modern_logo_url.svg,1637,Новое знакомство,https://www.banki.ru/products/deposits/deposit/25752/,12.75,12.75,300000,,91,91.0,RUB,12.75,True,True,False,False,,,,нет,на льготных условиях,12.75,12.75
37473,СДМ-Банк,https://cdn.banki.ru/cdn/bank/37473_modern_logo_url.svg,1637,Новое знакомство,https://www.banki.ru/products/deposits/deposit/25492/,12.8,12.8,300000,1499999.0,181,181.0,RUB,12.8,True,True,False,False,,,,нет,на льготных условиях,12.8,12.8
37473,СДМ-Банк,https://cdn.banki.ru/cdn/bank/37473_modern_logo_url.svg,1637,Новое знакомство,https://www.banki.ru/products/deposits/deposit/25508/,12.8,12.8,3000000,,181,181.0,RUB,12.8,True,True,False,False,,,,нет,на льготных условиях,12.8,12.8
37473,СДМ-Банк,https://cdn.banki.ru/cdn/bank/37473_modern_logo_url.svg,1637,Новое знакомство,https://www.banki.ru/products/deposits/deposit/25491/,12.8,12.8,1500000,2999999.0,181,181.0,RUB,12.8,True,True,False,False,,,,нет,на льготных условиях,12.8,12.8
37473,СДМ-Банк,https://cdn.banki.ru/cdn/bank/37473_modern_logo_url.svg,1637,Новое знакомство,https://www.banki.ru/products/deposits/deposit/25754/,12.75,12.75,3000000,,91,91.0,RUB,12.75,True,True,False,False,,,,нет,на льготных условиях,12.75,12.75
37473,СДМ-Банк,https://cdn.banki.ru/cdn/bank/37473_modern_logo_url.svg,1637,Новое знакомство,https://www.banki.ru/products/deposits/deposit/25753/,12.75,12.75,1500000,2999999.0,91,91.0,RUB,12.75,True,True,False,False,,,,нет,на льготных условиях,12.75,12.75
37473,СДМ-Банк,https://cdn.banki.ru/cdn/bank/37473_modern_logo_url.svg,1637,Новое знакомство,https://www.banki.ru/products/deposits/deposit/25489/,11.8,11.8,300000,,367,367.0,RUB,11.8,True,True,False,False,,,,нет,на льготных условиях,11.8,11.8
37473,СДМ-Банк,https://cdn.banki.ru/cdn/bank/37473_modern_logo_url.svg,1637,СДМ-Вклад (в конце срока),https://www.banki.ru/products/deposits/deposit/26108/,13.65,13.65,10000000,,181,181.0,RUB,13.65,False,False,False,False,,,,нет,по ставке до востребования,8.7,13.65
37473,СДМ-Банк,https://cdn.banki.ru/cdn/bank/37473_modern_logo_url.svg,1637,Новая история,https://www.banki.ru/products/deposits/deposit/25506/,13.45,13.45,50000,,181,181.0,RUB,13.83,False,True,False,False,,,,по выбору клиента,на льготных условиях,13.02,13.83
37473,СДМ-Банк,https://cdn.banki.ru/cdn/bank/37473_modern_logo_url.svg,1637,СДМ-Вклад (ежемесячно),https://www.banki.ru/products/deposits/deposit/26109/,13.45,13.45,10000000,,181,181.0,RUB,13.83,False,False,False,False,,,,по выбору клиента,по ставке до востребования,9.01,13.83
37473,СДМ-Банк,https://cdn.banki.ru/cdn/bank/37473_modern_logo_url.svg,1637,Ключевой +,https://www.banki.ru/products/deposits/deposit/25893/,13.0,13.0,50000,,181,181.0,RUB,13.0,False,False,False,True,,,,нет,на льготных условиях,13.0,13.0
37473,СДМ-Банк,https://cdn.banki.ru/cdn/bank/37473_modern_logo_url.svg,1637,Идеальный баланс,https://www.banki.ru/products/deposits/deposit/24620/,12.85,12.85,50000,2000000.0,181,181.0,RUB,12.85,False,True,False,False,,,,нет,по ставке до востребования,11.5,12.85
37473,СДМ-Банк,https://cdn.banki.ru/cdn/bank/37473_modern_logo_url.svg,1637,Доход,https://www.banki.ru/products/deposits/deposit/4553/,12.65,12.65,10000001,,181,181.0,RUB,12.98,False,True,True,False,,,,по выбору клиента,по ставке до востребования,8.63,12.98
37473,СДМ-Банк,https://cdn.banki.ru/cdn/bank/37473_modern_logo_url.svg,1637,Вклад Накопительный СДМ-Счет,https://www.banki.ru/products/deposits/deposit/25227/,12.5,12.5,10000,,31,31.0,RUB,12.5,False,False,True,True,,,,нет,по ставке до востребования,12.5,12.5
37473,СДМ-Банк,https://cdn.banki.ru/cdn/bank/37473_modern_logo_url.svg,1637,Ваш выбор,https://www.banki.ru/products/deposits/deposit/26330/,12.44,12.44,2000000,,380,380.0,RUB,13.07,False,False,False,False,,,,есть,на льготных условиях,13.07,13.07
5306,ПСБ,https://cdn.banki.ru/cdn/card-designs/psb_2_73117a2d9b.svg,3251,Сильная ставка,https://www.banki.ru/products/deposits/deposit/22446/,14.2,14.2,50000,,181,181.0,RUB,14.2,False,True,False,False,,,,нет,по ставке до востребования,11.5,14.2
5306,ПСБ,https://cdn.banki.ru/cdn/card-designs/psb_2_73117a2d9b.svg,3251,Про запас,https://www.banki.ru/products/deposits/deposit/21428/,13.0,13.0,1,5000000.0,30,61.0,RUB,13.0,False,True,True,True,,,,по выбору клиента,на льготных условиях,5.0,13.0
5306,ПСБ,https://cdn.banki.ru/cdn/card-designs/psb_2_73117a2d9b.svg,3251,Мой доход,https://www.banki.ru/products/deposits/deposit/18837/,13.0,13.0,10000,,181,181.0,RUB,13.0,False,True,False,True,,,,нет,на льготных условиях,10.8,13.0
5306,ПСБ,https://cdn.banki.ru/cdn/card-designs/psb_2_73117a2d9b.svg,3251,Народный вклад,https://www.banki.ru/products/deposits/deposit/25167/,30.0,30.0,10000,50000.0,32,32.0,RUB,30.0,False,True,False,False,,,,нет,по ставке до востребования,20.0,30.0
5306,ПСБ,https://cdn.banki.ru/cdn/card-designs/psb_2_73117a2d9b.svg,3251,Стабильный доход,https://www.banki.ru/products/deposits/deposit/25413/,13.0,13.0,3000000,,181,181.0,RUB,13.0,False,True,False,False,,,,нет,по ставке до востребования,10.3,13.0
5306,ПСБ,https://cdn.banki.ru/cdn/card-designs/psb_2_73117a2d9b.svg,3251,Моя копилка,https://www.banki.ru/products/deposits/deposit/10780/,11.2,11.2,50000,20000000.0,181,181.0,RUB,11.46,False,True,False,True,,,,по выбору клиента,по ставке до востребования,11.02,11.46
5306,ПСБ,https://cdn.banki.ru/cdn/card-designs/psb_2_73117a2d9b.svg,3251,Мои возможности,https://www.banki.ru/products/deposits/deposit/3520/,10.7,10.7,50000,20000000.0,181,181.0,RUB,10.94,False,True,True,True,,,,по выбору клиента,по ставке до востребования,9.93,10.94
5306,ПСБ,https://cdn.banki.ru/cdn/card-designs/psb_2_73117a2d9b.svg,3251,Хранитель (на минимальный остаток),https://www.banki.ru/products/deposits/deposit/25878/,10.5,10.5,1,,30,,RUB,10.5,False,True,True,True,,,,по выбору клиента,на льготных условиях,10.5,10.5
5306,ПСБ,https://cdn.banki.ru/cdn/card-designs/psb_2_73117a2d9b.svg,3251,Хранитель (на ежедневный остаток),https://www.banki.ru/products/deposits/deposit/25879/,9.5,9.5,1,,30,,RUB,9.5,False,True,True,True,,,,по выбору клиента,на льготных условиях,9.5,9.5
5306,ПСБ,https://cdn.banki.ru/cdn/card-designs/psb_2_73117a2d9b.svg,3251,Акцент на процент,https://www.banki.ru/products/deposits/deposit/21427/,5.0,5.0,1,,30,,RUB,5.0,False,True,True,True,,,,по выбору клиента,на льготных условиях,5.0,5.0
11518,Банк ТКБ,https://cdn.banki.ru/cdn/bank/11518_modern_logo_url.svg,2210,ТКБ. Потенциальный доход_91,https://www.banki.ru/products/deposits/deposit/24809/,12.45,12.45,100000,3000000.0,91,91.0,RUB,12.45,True,True,False,False,,,,нет,по ставке до востребования,12.45,12.45
11518,Банк ТКБ,https://cdn.banki.ru/cdn/bank/11518_modern_logo_url.svg,2210,ТКБ. Потенциальный доход_181,https://www.banki.ru/products/deposits/deposit/24774/,11.9,11.9,100000,3000000.0,181,181.0,RUB,11.9,True,True,False,False,,,,нет,по ставке до востребования,11.9,11.9
11518,Банк ТКБ,https://cdn.banki.ru/cdn/bank/11518_modern_logo_url.svg,2210,ТКБ. Потенциальный доход_367,https://www.banki.ru/products/deposits/deposit/24810/,10.85,10.85,100000,3000000.0,367,367.0,RUB,10.85,True,True,False,False,,,,нет,по ставке до востребования,10.85,10.85
193407,Энерготрансбанк,https:,1307,Доход плюс Банки.ру,https://www.banki.ru/products/deposits/deposit/25236/,12.7,12.7,50000,,91,91.0,RUB,12.7,True,True,False,False,,,,нет,по ставке до востребования,12.7,12.7
193407,Энерготрансбанк,https:,1307,Доход плюс Банки.ру,https://www.banki.ru/products/deposits/deposit/25953/,12.0,12.0,50000,,60,60.0,RUB,12.0,True,True,False,False,,,,нет,по ставке до востребования,12.0,12.0
2764,Газпромбанк,https://cdn.banki.ru/cdn/bank/2764_modern_logo_url.svg,354,В плюсе,https://www.banki.ru/products/deposits/deposit/24638/,13.6,13.6,50000,,150,150.0,RUB,13.6,True,True,False,False,,,,нет,по ставке до востребования,11.25,13.6
2764,Газпромбанк,https://cdn.banki.ru/cdn/bank/2764_modern_logo_url.svg,354,Новые деньги,https://www.banki.ru/products/deposits/deposit/24560/,13.6,13.6,50000,10000000.0,150,150.0,RUB,13.6,True,True,False,False,,,,нет,по ставке до востребования,11.25,13.6
2764,Газпромбанк,https://cdn.banki.ru/cdn/bank/2764_modern_logo_url.svg,354,Доходный (на минимальный остаток),https://www.banki.ru/products/deposits/deposit/26331/,14.0,14.0,1,10000000.0,1,61.0,RUB,14.0,False,True,True,True,,,,по выбору клиента,на льготных условиях,12.75,14.0
2764,Газпромбанк,https://cdn.banki.ru/cdn/bank/2764_modern_logo_url.svg,354,Доходный (на ежедневный остаток) ,https://www.banki.ru/products/deposits/deposit/26332/,13.0,13.0,1,10000000.0,1,61.0,RUB,13.0,False,True,True,True,,,,по выбору клиента,на льготных условиях,11.75,13.0
2764,Газпромбанк,https://cdn.banki.ru/cdn/bank/2764_modern_logo_url.svg,354,Копить,https://www.banki.ru/products/deposits/deposit/22483/,11.8,11.8,300000,,181,181.0,RUB,11.8,False,True,False,False,,,,нет,по ставке до востребования,10.5,11.8
2764,Газпромбанк,https://cdn.banki.ru/cdn/bank/2764_modern_logo_url.svg,354,Ключевой момент,https://www.banki.ru/products/deposits/deposit/26060/,16.0,16.0,100000,15000000.0,1095,1095.0,RUB,16.0,False,True,False,False,,,,нет,по ставке до востребования,16.0,16.0
2764,Газпромбанк,https://cdn.banki.ru/cdn/bank/2764_modern_logo_url.svg,354,Ключевой момент,https://www.banki.ru/products/deposits/deposit/26059/,15.0,15.0,100000,15000000.0,731,731.0,RUB,15.0,False,True,False,False,,,,нет,по ставке до востребования,15.0,15.0
2764,Газпромбанк,https://cdn.banki.ru/cdn/bank/2764_modern_logo_url.svg,354,Ключевой момент,https://www.banki.ru/products/deposits/deposit/25682/,14.3,14.3,100000,15000000.0,548,548.0,RUB,14.3,False,True,False,False,,,,нет,по ставке до востребования,14.3,14.3
2764,Газпромбанк,https://cdn.banki.ru/cdn/bank/2764_modern_logo_url.svg,354,Ключевой момент ,https://www.banki.ru/products/deposits/deposit/26056/,13.6,13.6,100000,15000000.0,213,213.0,RUB,13.6,False,True,False,False,,,,нет,по ставке до востребования,13.6,13.6
2764,Газпромбанк,https://cdn.banki.ru/cdn/bank/2764_modern_logo_url.svg,354,Ключевой момент,https://www.banki.ru/products/deposits/deposit/26057/,13.6,13.6,100000,15000000.0,367,367.0,RUB,13.6,False,True,False,False,,,,нет,по ставке до востребования,13.6,13.6
2764,Газпромбанк,https://cdn.banki.ru/cdn/bank/2764_modern_logo_url.svg,354,Ключевой момент,https://www.banki.ru/products/deposits/deposit/26055/,13.55,13.55,100000,15000000.0,181,181.0,RUB,13.55,False,True,False,False,,,,нет,по ставке до востребования,13.55,13.55
2764,Газпромбанк,https://cdn.banki.ru/cdn/bank/2764_modern_logo_url.svg,354,Ключевой момент ,https://www.banki.ru/products/deposits/deposit/26058/,13.2,13.2,100000,15000000.0,120,120.0,RUB,13.2,False,True,False,False,,,,нет,по ставке до востребования,13.2,13.2
12374,НС Банк,https://cdn.banki.ru/cdn/bank/12374_modern_logo_url.svg,3124,Выгодный союз,https://www.banki.ru/products/deposits/deposit/24799/,12.5,12.5,50000,3000000.0,90,90.0,RUB,12.5,True,True,False,False,,,,нет,по ставке до востребования,12.5,12.5
12374,НС Банк,https://cdn.banki.ru/cdn/bank/12374_modern_logo_url.svg,3124,Выгодный союз,https://www.banki.ru/products/deposits/deposit/25060/,11.9,11.9,50000,3000000.0,150,150.0,RUB,11.9,True,True,False,False,,,,нет,по ставке до востребования,11.9,11.9
327,ВТБ,https://cdn.banki.ru/cdn/bank/327_modern_logo_url.svg,1000,ВТБ-Счет (на минимальный остаток),https://www.banki.ru/products/deposits/deposit/24356/,13.5,13.5,1000,1000000.0,1,61.0,RUB,13.5,True,True,True,True,,,,по выбору клиента,на льготных условиях,6.0,13.5
327,ВТБ,https://cdn.banki.ru/cdn/bank/327_modern_logo_url.svg,1000,ВТБ-Вклад (без опций с выплатой % в конце срока),https://www.banki.ru/products/deposits/deposit/24675/,13.5,13.5,10000,,91,91.0,RUB,13.5,True,True,False,False,,,,нет,по ставке до востребования,10.7,13.5
327,ВТБ,https://cdn.banki.ru/cdn/bank/327_modern_logo_url.svg,1000,ВТБ-Счет (на ежедневный остаток),https://www.banki.ru/products/deposits/deposit/24891/,12.5,12.5,1000,1000000.0,1,61.0,RUB,12.5,True,True,True,True,,,,по выбору клиента,на льготных условиях,5.0,12.5
327,ВТБ,https://cdn.banki.ru/cdn/bank/327_modern_logo_url.svg,1000,ВТБ-Вклад (с пополнением),https://www.banki.ru/products/deposits/deposit/24676/,10.05,10.05,15000000,300000000.0,91,91.0,RUB,10.13,False,True,False,True,,,,по выбору клиента,по ставке до востребования,1.32,10.13
327,ВТБ,https://cdn.banki.ru/cdn/bank/327_modern_logo_url.svg,1000,ВТБ-Вклад (без опций с выплатой % ежемесячно),https://www.banki.ru/products/deposits/deposit/24678/,13.3,13.3,10000,,91,91.0,RUB,13.45,True,True,False,False,,,,по выбору клиента,по ставке до востребования,10.55,13.45
327,ВТБ,https://cdn.banki.ru/cdn/bank/327_modern_logo_url.svg,1000,ВТБ-Вклад (с пополнением и снятием),https://www.banki.ru/products/deposits/deposit/24677/,9.9,9.9,15000000,300000000.0,91,91.0,RUB,9.98,False,True,True,True,,,,по выбору клиента,по ставке до востребования,1.27,9.98
327,ВТБ,https://cdn.banki.ru/cdn/bank/327_modern_logo_url.svg,1000,Выгодное начало,https://www.banki.ru/products/deposits/deposit/26099/,15.0,15.0,10000,50000.0,91,91.0,RUB,15.0,False,False,False,False,,,,нет,по ставке до востребования,15.0,15.0
327,ВТБ,https://cdn.banki.ru/cdn/bank/327_modern_logo_url.svg,1000,Ключевой (без опций с выплатой % в конце срока) ,https://www.banki.ru/products/deposits/deposit/26199/,14.5,14.5,5000000,,1095,1095.0,RUB,14.5,False,True,False,False,,,,нет,по ставке до востребования,12.75,14.5
327,ВТБ,https://cdn.banki.ru/cdn/bank/327_modern_logo_url.svg,1000,ВТБ-Вклад на ребенка (без опций с выплатой % в конце срока),https://www.banki.ru/products/deposits/deposit/26406/,13.5,13.5,1500000,,120,120.0,RUB,13.5,False,False,False,False,,,,нет,по ставке до востребования,9.7,13.5
327,ВТБ,https://cdn.banki.ru/cdn/bank/327_modern_logo_url.svg,1000,Ключевой (без опций с выплатой % ежемесячно),https://www.banki.ru/products/deposits/deposit/26200/,12.6,12.6,15000000,,181,181.0,RUB,12.93,False,True,False,False,,,,по выбору клиента,по ставке до востребования,12.62,15.22
327,ВТБ,https://cdn.banki.ru/cdn/bank/327_modern_logo_url.svg,1000,Ключевой (с пополнением),https://www.banki.ru/products/deposits/deposit/26201/,12.6,12.6,15000000,300000000.0,1095,1095.0,RUB,15.22,False,True,False,True,,,,по выбору клиента,по ставке до востребования,12.09,15.22
327,ВТБ,https://cdn.banki.ru/cdn/bank/327_modern_logo_url.svg,1000,Ключевой (с пополнением и снятием) ,https://www.banki.ru/products/deposits/deposit/26202/,12.5,12.5,15000000,300000000.0,1095,1095.0,RUB,15.07,False,True,True,True,,,,по выбору клиента,по ставке до востребования,11.99,15.07
327,ВТБ,https://cdn.banki.ru/cdn/bank/327_modern_logo_url.svg,1000,День в плюсе,https://www.banki.ru/products/deposits/deposit/26204/,12.0,12.0,1000,,1,,RUB,12.0,False,True,True,True,,,,по выбору клиента,на льготных условиях,12.0,12.0
327,ВТБ,https://cdn.banki.ru/cdn/bank/327_modern_logo_url.svg,1000,ВТБ-Вклад на ребенка (без опций с выплатой % ежемесячно),https://www.banki.ru/products/deposits/deposit/26407/,11.8,11.8,1500000,,91,91.0,RUB,11.92,False,False,False,False,,,,по выбору клиента,по ставке до востребования,8.26,11.92
327,ВТБ,https://cdn.banki.ru/cdn/bank/327_modern_logo_url.svg,1000,ВТБ-Вклад на ребенка (с пополнением) ,https://www.banki.ru/products/deposits/deposit/26408/,10.05,10.05,15000000,300000000.0,91,91.0,RUB,10.13,False,False,False,True,,,,по выбору клиента,по ставке до востребования,0.3,10.13
327,ВТБ,https://cdn.banki.ru/cdn/bank/327_modern_logo_url.svg,1000,Семейная копилка,https://www.banki.ru/products/deposits/deposit/26134/,4.0,4.0,1000,,30,,RUB,4.0,False,True,True,True,,,,по выбору клиента,на льготных условиях,4.0,4.0
6055,МТС Банк,https://cdn.banki.ru/cdn/bank/6055_modern_logo_url.svg,2268,МТС Вклад плюс (ежемесячно),https://www.banki.ru/products/deposits/deposit/23178/,13.91,13.91,10000,,91,91.0,RUB,13.91,True,True,False,False,,,,нет,по ставке до востребования,9.55,13.91
6055,МТС Банк,https://cdn.banki.ru/cdn/bank/6055_modern_logo_url.svg,2268,МТС Вклад плюс (в конце срока),https://www.banki.ru/products/deposits/deposit/26217/,14.05,14.05,10000,,91,91.0,RUB,14.05,True,True,False,False,,,,нет,по ставке до востребования,11.0,14.05
6055,МТС Банк,https://cdn.banki.ru/cdn/bank/6055_modern_logo_url.svg,2268,МТС Вклад плюс (с пополнением и снятием),https://www.banki.ru/products/deposits/deposit/23866/,11.59,11.59,100000,1500000.0,91,91.0,RUB,11.7,False,True,True,True,,,,по выбору клиента,по ставке до востребования,4.16,11.7
6055,МТС Банк,https://cdn.banki.ru/cdn/bank/6055_modern_logo_url.svg,2268,МТС Вклад плюс (с пополнением),https://www.banki.ru/products/deposits/deposit/23865/,11.4,11.4,10000000,500000000.0,91,91.0,RUB,11.51,False,True,False,True,,,,по выбору клиента,по ставке до востребования,4.37,11.51
41643,Кредит Европа Банк,https://cdn.banki.ru/cdn/bank/41643_modern_logo_url.svg,3311,Оптимальный Банки.ру,https://www.banki.ru/products/deposits/deposit/26398/,13.0,13.0,100000,10000000.0,181,181.0,RUB,13.0,True,True,False,False,,,,нет,по ставке до востребования,13.0,13.0
41643,Кредит Европа Банк,https://cdn.banki.ru/cdn/bank/41643_modern_logo_url.svg,3311,Оптимальный Банки.ру,https://www.banki.ru/products/deposits/deposit/26193/,11.5,11.5,100000,10000000.0,368,368.0,RUB,11.5,False,True,False,False,,,,нет,по ставке до востребования,11.5,11.5
41643,Кредит Европа Банк,https://cdn.banki.ru/cdn/bank/41643_modern_logo_url.svg,3311,Оптимальный ,https://www.banki.ru/products/deposits/deposit/26229/,13.0,13.0,100000,,181,181.0,RUB,13.0,False,True,False,False,,,,нет,на льготных условиях,10.5,13.0
41643,Кредит Европа Банк,https://cdn.banki.ru/cdn/bank/41643_modern_logo_url.svg,3311,Срочный,https://www.banki.ru/products/deposits/deposit/329/,12.9,12.9,3000,,181,181.0,RUB,12.9,False,True,False,False,,,,нет,по ставке до востребования,3.2,12.9
41643,Кредит Европа Банк,https://cdn.banki.ru/cdn/bank/41643_modern_logo_url.svg,3311,Накопительный,https://www.banki.ru/products/deposits/deposit/448/,4.5,4.5,3000,,368,368.0,RUB,4.5,False,True,True,True,,,,нет,по ставке до востребования,3.0,4.5
196704,Банк НООСФЕРА,https://cdn.banki.ru/cdn/bank/196704_modern_logo_url.svg,2650,Стратегия успеха_181,https://www.banki.ru/products/deposits/deposit/25870/,13.6,13.6,50000,,181,181.0,RUB,13.6,True,True,False,False,,,,нет,по ставке до востребования,13.6,13.6
196704,Банк НООСФЕРА,https://cdn.banki.ru/cdn/bank/196704_modern_logo_url.svg,2650,На все 100,https://www.banki.ru/products/deposits/deposit/25649/,13.3,13.3,50000,,100,100.0,RUB,13.3,True,True,False,False,,,,нет,по ставке до востребования,13.3,13.3
196704,Банк НООСФЕРА,https://cdn.banki.ru/cdn/bank/196704_modern_logo_url.svg,2650,Стратегия успеха_540,https://www.banki.ru/products/deposits/deposit/25873/,10.0,10.0,50000,,540,540.0,RUB,10.0,True,True,False,False,,,,нет,по ставке до востребования,10.0,10.0
196704,Банк НООСФЕРА,https://cdn.banki.ru/cdn/bank/196704_modern_logo_url.svg,2650,Стратегия успеха_367,https://www.banki.ru/products/deposits/deposit/25872/,13.31,13.31,50000,,367,367.0,RUB,13.31,True,True,False,False,,,,нет,по ставке до востребования,13.31,13.31
196704,Банк НООСФЕРА,https://cdn.banki.ru/cdn/bank/196704_modern_logo_url.svg,2650,Стратегия успеха_1100,https://www.banki.ru/products/deposits/deposit/25875/,12.51,12.51,50000,,1100,1100.0,RUB,12.51,True,True,False,False,,,,нет,по ставке до востребования,12.51,12.51
196704,Банк НООСФЕРА,https://cdn.banki.ru/cdn/bank/196704_modern_logo_url.svg,2650,Стратегия успеха_271,https://www.banki.ru/products/deposits/deposit/25871/,12.5,12.5,50000,,271,271.0,RUB,12.5,True,True,False,False,,,,нет,по ставке до востребования,12.5,12.5
196704,Банк НООСФЕРА,https://cdn.banki.ru/cdn/bank/196704_modern_logo_url.svg,2650,Стратегия успеха_730,https://www.banki.ru/products/deposits/deposit/25874/,9.5,9.5,50000,,730,730.0,RUB,9.5,True,True,False,False,,,,нет,по ставке до востребования,9.5,9.5
325,Альфа-Банк,https://cdn.banki.ru/cdn/bank/325_modern_logo_url.svg,1326,Альфа-Вклад Акционный,https://www.banki.ru/products/deposits/deposit/26225/,19.83,19.83,10000,50000.0,62,62.0,RUB,20.0,False,True,False,False,,,,по выбору клиента,по ставке до востребования,13.0,20.0
325,Альфа-Банк,https://cdn.banki.ru/cdn/bank/325_modern_logo_url.svg,1326,Альфа-Счёт (на минимальный остаток),https://www.banki.ru/products/deposits/deposit/18953/,14.0,14.0,1,1000000.0,30,61.0,RUB,14.0,False,True,True,True,,,,по выбору клиента,на льготных условиях,7.0,14.0
325,Альфа-Банк,https://cdn.banki.ru/cdn/bank/325_modern_logo_url.svg,1326,Альфа-Вклад Новые деньги,https://www.banki.ru/products/deposits/deposit/25178/,13.45,13.45,50000,,92,92.0,RUB,13.6,False,True,False,False,,,,по выбору клиента,по ставке до востребования,8.0,13.7
325,Альфа-Банк,https://cdn.banki.ru/cdn/bank/325_modern_logo_url.svg,1326,Альфа-Вклад Максимальный,https://www.banki.ru/products/deposits/deposit/23535/,13.35,13.35,50000,,92,92.0,RUB,13.5,False,True,False,False,,,,по выбору клиента,по ставке до востребования,7.9,13.6
325,Альфа-Банк,https://cdn.banki.ru/cdn/bank/325_modern_logo_url.svg,1326,Альфа-Счёт (на ежедневный остаток),https://www.banki.ru/products/deposits/deposit/24517/,13.0,13.0,1,1000000.0,30,61.0,RUB,13.0,False,True,True,True,,,,по выбору клиента,на льготных условиях,7.0,13.0
325,Альфа-Банк,https://cdn.banki.ru/cdn/bank/325_modern_logo_url.svg,1326,Альфа-Вклад Ключевой,https://www.banki.ru/products/deposits/deposit/26095/,12.75,12.75,1000000,,184,184.0,RUB,13.1,False,True,False,False,,,,по выбору клиента,по ставке до востребования,12.12,15.43
325,Альфа-Банк,https://cdn.banki.ru/cdn/bank/325_modern_logo_url.svg,1326,Альфа-Вклад Ключевой Плюс,https://www.banki.ru/products/deposits/deposit/26111/,11.5,11.5,1000000,,184,184.0,RUB,11.78,False,True,True,True,,,,по выбору клиента,по ставке до востребования,10.08,13.66
325,Альфа-Банк,https://cdn.banki.ru/cdn/bank/325_modern_logo_url.svg,1326,Альфа-Вклад (без пополнения и снятия),https://www.banki.ru/products/deposits/deposit/23316/,11.39,11.39,10000,,92,92.0,RUB,11.5,False,True,False,False,,,,по выбору клиента,по ставке до востребования,5.89,11.6
322,Сбербанк,https://cdn.banki.ru/cdn/bank/322_modern_logo_url.svg,1481,Выгодный старт +,https://www.banki.ru/products/deposits/deposit/26366/,19.0,19.0,10000,100000.0,91,91.0,RUB,19.0,False,False,False,False,,,,нет,по ставке до востребования,19.0,19.0
322,Сбербанк,https://cdn.banki.ru/cdn/bank/322_modern_logo_url.svg,1481,Лучший % (ежемесячно),https://www.banki.ru/products/deposits/deposit/23255/,13.25,13.25,100000,,91,91.0,RUB,13.25,False,True,False,False,,,,нет,по ставке до востребования,5.95,13.25
322,Сбербанк,https://cdn.banki.ru/cdn/bank/322_modern_logo_url.svg,1481,Накопительный счёт,https://www.banki.ru/products/deposits/deposit/26000/,12.5,12.5,1,,30,61.0,RUB,12.5,False,True,True,True,,,,по выбору клиента,на льготных условиях,6.5,12.5
322,Сбербанк,https://cdn.banki.ru/cdn/bank/322_modern_logo_url.svg,1481,Ключевой детский,https://www.banki.ru/products/deposits/deposit/25366/,12.5,12.5,1,5000000.0,182,182.0,RUB,12.83,False,False,False,True,,,,по выбору клиента,по ставке до востребования,12.83,12.83
322,Сбербанк,https://cdn.banki.ru/cdn/bank/322_modern_logo_url.svg,1481,Ключевой,https://www.banki.ru/products/deposits/deposit/25906/,12.0,12.0,100000,,182,182.0,RUB,12.3,False,True,False,False,,,,по выбору клиента,по ставке до востребования,12.3,14.36
322,Сбербанк,https://cdn.banki.ru/cdn/bank/322_modern_logo_url.svg,1481,"СберВклад (без пополнения, в конце срока)",https://www.banki.ru/products/deposits/deposit/25781/,11.0,11.0,1000000,,91,91.0,RUB,11.0,False,True,False,False,,,,нет,по ставке до востребования,5.3,11.0
322,Сбербанк,https://cdn.banki.ru/cdn/bank/322_modern_logo_url.svg,1481,"СберВклад (без пополнения, ежемесячно)",https://www.banki.ru/products/deposits/deposit/25782/,10.75,10.75,1000000,,91,91.0,RUB,10.75,False,True,False,False,,,,нет,по ставке до востребования,4.75,10.75
322,Сбербанк,https://cdn.banki.ru/cdn/bank/322_modern_logo_url.svg,1481,Пенсионный Максимум,https://www.banki.ru/products/deposits/deposit/26251/,10.65,10.65,30000,,91,91.0,RUB,10.65,False,False,False,False,,,,нет,по ставке до востребования,5.5,10.65
322,Сбербанк,https://cdn.banki.ru/cdn/bank/322_modern_logo_url.svg,1481,Накопилка,https://www.banki.ru/products/deposits/deposit/25699/,6.5,6.5,1,200000.0,30,30.0,RUB,6.5,False,True,True,True,,,,нет,по ставке до востребования,6.5,6.5
322,Сбербанк,https://cdn.banki.ru/cdn/bank/322_modern_logo_url.svg,1481,Лучший % (в конце срока),https://www.banki.ru/products/deposits/deposit/24536/,13.5,13.5,100000,,91,91.0,RUB,13.5,False,True,False,False,,,,нет,по ставке до востребования,6.5,13.5
80493,Фора-Банк,https://cdn.banki.ru/cdn/bank/80493_modern_logo_url.svg,1885,Ключ к успеху,https://www.banki.ru/products/deposits/deposit/25394/,15.0,15.0,100000,,732,732.0,RUB,15.0,False,False,False,True,,,,нет,по ставке до востребования,13.8,15.0
80493,Фора-Банк,https://cdn.banki.ru/cdn/bank/80493_modern_logo_url.svg,1885,Фаворит,https://www.banki.ru/products/deposits/deposit/22166/,13.55,13.55,3000000,,182,182.0,RUB,13.78,False,False,False,False,,,,по выбору клиента,на льготных условиях,7.85,13.78
80493,Фора-Банк,https://cdn.banki.ru/cdn/bank/80493_modern_logo_url.svg,1885,Ключевой капитал,https://www.banki.ru/products/deposits/deposit/25659/,13.4,13.4,3000000,,540,540.0,RUB,14.73,False,False,False,True,,,,по выбору клиента,на льготных условиях,13.56,14.73
80493,Фора-Банк,https://cdn.banki.ru/cdn/bank/80493_modern_logo_url.svg,1885,Рантье,https://www.banki.ru/products/deposits/deposit/21758/,13.35,13.35,300000,,182,182.0,RUB,13.35,False,False,False,True,,,,нет,по ставке до востребования,8.3,13.35
80493,Фора-Банк,https://cdn.banki.ru/cdn/bank/80493_modern_logo_url.svg,1885,Пенсионный,https://www.banki.ru/products/deposits/deposit/1214/,13.3,13.3,3000000,,120,120.0,RUB,13.52,False,False,False,True,,,,по выбору клиента,на льготных условиях,7.68,13.52
80493,Фора-Банк,https://cdn.banki.ru/cdn/bank/80493_modern_logo_url.svg,1885,Фора Хит,https://www.banki.ru/products/deposits/deposit/21821/,13.3,13.3,3000000,,120,120.0,RUB,13.52,False,True,False,True,,,,по выбору клиента,на льготных условиях,7.68,13.52
80493,Фора-Банк,https://cdn.banki.ru/cdn/bank/80493_modern_logo_url.svg,1885,Перспектива,https://www.banki.ru/products/deposits/deposit/19103/,12.15,12.15,25000,,365,365.0,RUB,12.15,False,False,False,True,,,,нет,на льготных условиях,12.15,12.15
80493,Фора-Банк,https://cdn.banki.ru/cdn/bank/80493_modern_logo_url.svg,1885,Накопительный счёт,https://www.banki.ru/products/deposits/deposit/25450/,10.1,10.1,1,1500000.0,30,,RUB,10.1,False,True,True,True,,,,по выбору клиента,на льготных условиях,10.1,10.1
80493,Фора-Банк,https://cdn.banki.ru/cdn/bank/80493_modern_logo_url.svg,1885,Комфортный ,https://www.banki.ru/products/deposits/deposit/19364/,6.0,6.0,2000000,,540,540.0,RUB,6.0,False,False,True,True,,,,нет,по ставке до востребования,6.0,6.0
4374,Еврофинанс Моснарбанк,https:,2402,Классический,https://www.banki.ru/products/deposits/deposit/17972/,14.3,14.3,100000001,,91,91.0,RUB,14.3,False,False,False,False,,,,нет,по ставке до востребования,12.0,14.3
4725,Россельхозбанк,https://cdn.banki.ru/cdn/bank/4725_modern_logo_url.svg,3349,Мой счёт,https://www.banki.ru/products/deposits/deposit/19284/,14.0,14.0,100,1500000.0,30,91.0,RUB,14.0,False,True,True,True,,,,по выбору клиента,на льготных условиях,6.5,14.0
4725,Россельхозбанк,https://cdn.banki.ru/cdn/bank/4725_modern_logo_url.svg,3349,Свой вклад (в конце срока),https://www.banki.ru/products/deposits/deposit/24508/,13.1,13.1,5000,,180,180.0,RUB,13.1,False,True,False,False,,,,нет,по ставке до востребования,7.8,13.1
4725,Россельхозбанк,https://cdn.banki.ru/cdn/bank/4725_modern_logo_url.svg,3349,Свой вклад (ежемесячно),https://www.banki.ru/products/deposits/deposit/24509/,12.7,12.7,5000,,180,180.0,RUB,13.04,False,True,False,False,,,,по выбору клиента,по ставке до востребования,7.57,13.04
4725,Россельхозбанк,https://cdn.banki.ru/cdn/bank/4725_modern_logo_url.svg,3349,Доходный (в конце срока),https://www.banki.ru/products/deposits/deposit/17602/,11.8,11.8,10000,,180,180.0,RUB,11.8,False,True,False,False,,,,нет,по ставке до востребования,6.3,11.8
4725,Россельхозбанк,https://cdn.banki.ru/cdn/bank/4725_modern_logo_url.svg,3349,Доходный (ежемесячно),https://www.banki.ru/products/deposits/deposit/25536/,11.55,11.55,10000,,91,91.0,RUB,11.66,False,True,False,False,,,,по выбору клиента,по ставке до востребования,6.02,11.77
4725,Россельхозбанк,https://cdn.banki.ru/cdn/bank/4725_modern_logo_url.svg,3349,Моя копилка,https://www.banki.ru/products/deposits/deposit/20301/,8.0,8.0,100,,30,,RUB,8.0,False,True,True,True,,,,по выбору клиента,на льготных условиях,8.0,8.0
9259,Абсолют Банк,https://cdn.banki.ru/cdn/bank/9259_modern_logo_url.svg,2306,Накопительный счёт ПЛЮС,https://www.banki.ru/products/deposits/deposit/24565/,14.0,14.0,500,1500000.0,30,61.0,RUB,14.0,False,True,True,True,,,,по выбору клиента,на льготных условиях,6.0,14.0
9259,Абсолют Банк,https://cdn.banki.ru/cdn/bank/9259_modern_logo_url.svg,2306,Абсолютный ПЛЮС,https://www.banki.ru/products/deposits/deposit/26146/,13.6,13.6,10000,3000000.0,91,91.0,RUB,13.6,False,True,False,False,,,,нет,по ставке до востребования,13.6,13.6
9259,Абсолют Банк,https://cdn.banki.ru/cdn/bank/9259_modern_logo_url.svg,2306,Сезонный,https://www.banki.ru/products/deposits/deposit/26034/,13.6,13.6,10000,,121,121.0,RUB,13.6,False,True,False,False,,,,нет,по ставке до востребования,13.6,13.6
9259,Абсолют Банк,https://cdn.banki.ru/cdn/bank/9259_modern_logo_url.svg,2306,Абсолютный максимум+,https://www.banki.ru/products/deposits/deposit/22282/,13.2,13.2,10000,,91,91.0,RUB,13.2,False,True,False,False,,,,нет,на льготных условиях,8.0,13.2
9259,Абсолют Банк,https://cdn.banki.ru/cdn/bank/9259_modern_logo_url.svg,2306,Накопительный счёт,https://www.banki.ru/products/deposits/deposit/21569/,13.0,13.0,500,1500000.0,30,61.0,RUB,13.0,False,True,True,True,,,,по выбору клиента,на льготных условиях,6.0,13.0
9259,Абсолют Банк,https://cdn.banki.ru/cdn/bank/9259_modern_logo_url.svg,2306,Абсолютный доход,https://www.banki.ru/products/deposits/deposit/19544/,12.57,12.57,10000,,91,91.0,RUB,12.7,False,True,False,True,,,,по выбору клиента,на льготных условиях,7.49,12.7
9259,Абсолют Банк,https://cdn.banki.ru/cdn/bank/9259_modern_logo_url.svg,2306,Пенсионный,https://www.banki.ru/products/deposits/deposit/16189/,11.2,11.2,10000,,91,91.0,RUB,11.3,False,True,True,True,,,,по выбору клиента,на льготных условиях,4.7,11.3
9259,Абсолют Банк,https://cdn.banki.ru/cdn/bank/9259_modern_logo_url.svg,2306,Турбо,https://www.banki.ru/products/deposits/deposit/24024/,10.75,10.75,10000,,360,360.0,RUB,11.18,False,True,False,False,,,,по выбору клиента,на льготных условиях,11.18,11.18
187472,Яндекс Банк,https://cdn.banki.ru/cdn/bank/187472_modern_logo_url.svg,3027,Сейв,https://www.banki.ru/products/deposits/deposit/24672/,14.0,14.0,10000,10000000.0,91,91.0,RUB,14.0,False,True,False,True,,,,нет,по ставке до востребования,11.0,14.0
351,Русский Стандарт,https://cdn.banki.ru/cdn/bank/351_modern_logo_url.svg,2289,Новые деньги,https://www.banki.ru/products/deposits/deposit/25276/,13.6,13.6,100000,,91,92.0,RUB,13.6,False,True,False,False,,,,нет,по ставке до востребования,13.0,13.6
351,Русский Стандарт,https://cdn.banki.ru/cdn/bank/351_modern_logo_url.svg,2289,Новый доход,https://www.banki.ru/products/deposits/deposit/22349/,13.6,13.6,100000,,92,92.0,RUB,13.6,False,True,False,False,,,,нет,по ставке до востребования,13.0,13.6
351,Русский Стандарт,https://cdn.banki.ru/cdn/bank/351_modern_logo_url.svg,2289,Максимальный,https://www.banki.ru/products/deposits/deposit/23386/,12.9,12.9,1000000,,92,92.0,RUB,12.9,False,True,False,False,,,,нет,по ставке до востребования,8.5,12.9
351,Русский Стандарт,https://cdn.banki.ru/cdn/bank/351_modern_logo_url.svg,2289,Продвинутый процент,https://www.banki.ru/products/deposits/deposit/24718/,11.9,11.9,100000,,182,182.0,RUB,11.9,False,True,False,False,,,,нет,по ставке до востребования,10.6,11.9
351,Русский Стандарт,https://cdn.banki.ru/cdn/bank/351_modern_logo_url.svg,2289,Пенсионный,https://www.banki.ru/products/deposits/deposit/17844/,11.8,11.8,10000,,182,182.0,RUB,11.8,False,True,False,False,,,,нет,по ставке до востребования,8.0,11.8
351,Русский Стандарт,https://cdn.banki.ru/cdn/bank/351_modern_logo_url.svg,2289,Ежемесячный доход,https://www.banki.ru/products/deposits/deposit/18627/,11.55,11.55,30000,,182,182.0,RUB,11.83,False,True,False,False,,,,по выбору клиента,по ставке до востребования,10.47,11.83
351,Русский Стандарт,https://cdn.banki.ru/cdn/bank/351_modern_logo_url.svg,2289,Доходный,https://www.banki.ru/products/deposits/deposit/25495/,8.5,8.5,1000,1000000.0,30,,RUB,8.5,False,True,True,True,,,,по выбору клиента,на льготных условиях,3.0,8.5
7292,Московский кредитный банк (МКБ),https://cdn.banki.ru/cdn/bank/7292_modern_logo_url.svg,1978,МКБ. Простая выгода,https://www.banki.ru/products/deposits/deposit/26079/,13.5,13.5,10000,5000000.0,95,95.0,RUB,13.5,False,True,False,False,,,,нет,по ставке до востребования,12.3,13.5
7292,Московский кредитный банк (МКБ),https://cdn.banki.ru/cdn/bank/7292_modern_logo_url.svg,1978,МКБ. Пополняемый (в конце срока),https://www.banki.ru/products/deposits/deposit/25801/,12.5,12.5,50000,1000000.0,95,95.0,RUB,12.5,False,True,False,True,,,,нет,по ставке до востребования,10.8,12.5
7292,Московский кредитный банк (МКБ),https://cdn.banki.ru/cdn/bank/7292_modern_logo_url.svg,1978,МКБ. Пополняемый (ежемесячно),https://www.banki.ru/products/deposits/deposit/25802/,12.2,12.2,50000,1000000.0,95,95.0,RUB,12.33,False,True,False,True,,,,по выбору клиента,по ставке до востребования,10.48,12.33
7292,Московский кредитный банк (МКБ),https://cdn.banki.ru/cdn/bank/7292_modern_logo_url.svg,1978,МКБ. Гранд (в конце срока),https://www.banki.ru/products/deposits/deposit/18795/,11.4,11.4,10000,3000000.0,95,95.0,RUB,11.4,False,False,False,False,,,,нет,по ставке до востребования,8.8,11.4
7292,Московский кредитный банк (МКБ),https://cdn.banki.ru/cdn/bank/7292_modern_logo_url.svg,1978,МКБ. Перспектива (ежемесячно),https://www.banki.ru/products/deposits/deposit/23916/,10.9,10.9,10000,3000000.0,95,95.0,RUB,10.9,False,True,False,False,,,,нет,по ставке до востребования,8.7,10.9
7292,Московский кредитный банк (МКБ),https://cdn.banki.ru/cdn/bank/7292_modern_logo_url.svg,1978,МКБ. Гранд (ежемесячно),https://www.banki.ru/products/deposits/deposit/25166/,10.0,10.0,10000,3000000.0,95,95.0,RUB,10.0,False,False,False,False,,,,нет,по ставке до востребования,7.8,10.0
7292,Московский кредитный банк (МКБ),https://cdn.banki.ru/cdn/bank/7292_modern_logo_url.svg,1978,Накопительный счет,https://www.banki.ru/products/deposits/deposit/19081/,3.5,3.5,1,,30,,RUB,3.5,False,True,True,True,,,,по выбору клиента,на льготных условиях,3.5,3.5
7292,Московский кредитный банк (МКБ),https://cdn.banki.ru/cdn/bank/7292_modern_logo_url.svg,1978,МКБ. Перспектива,https://www.banki.ru/products/deposits/deposit/25416/,13.5,13.5,10000,3000000.0,370,370.0,RUB,13.5,True,True,False,False,,,,нет,по ставке до востребования,13.5,13.5
7292,Московский кредитный банк (МКБ),https://cdn.banki.ru/cdn/bank/7292_modern_logo_url.svg,1978,МКБ. Перспектива,https://www.banki.ru/products/deposits/deposit/25414/,12.8,12.8,10000,3000000.0,95,95.0,RUB,12.8,True,True,False,False,,,,нет,по ставке до востребования,12.8,12.8
7292,Московский кредитный банк (МКБ),https://cdn.banki.ru/cdn/bank/7292_modern_logo_url.svg,1978,МКБ. Перспектива,https://www.banki.ru/products/deposits/deposit/25417/,12.8,12.8,10000,3000000.0,540,540.0,RUB,12.8,True,True,False,False,,,,нет,по ставке до востребования,12.8,12.8
7292,Московский кредитный банк (МКБ),https://cdn.banki.ru/cdn/bank/7292_modern_logo_url.svg,1978,МКБ. Перспектива,https://www.banki.ru/products/deposits/deposit/25415/,12.6,12.6,10000,3000000.0,185,185.0,RUB,12.6,True,True,False,False,,,,нет,по ставке до востребования,12.6,12.6
7292,Московский кредитный банк (МКБ),https://cdn.banki.ru/cdn/bank/7292_modern_logo_url.svg,1978,МКБ. Перспектива,https://www.banki.ru/products/deposits/deposit/25418/,12.5,12.5,10000,3000000.0,730,730.0,RUB,12.5,True,True,False,False,,,,нет,по ставке до востребования,12.5,12.5
7292,Московский кредитный банк (МКБ),https://cdn.banki.ru/cdn/bank/7292_modern_logo_url.svg,1978,МКБ. Перспектива,https://www.banki.ru/products/deposits/deposit/25419/,11.7,11.7,10000,3000000.0,1100,1100.0,RUB,11.7,True,True,False,False,,,,нет,по ставке до востребования,11.7,11.7
2237,Банк ДОМ.РФ,https://cdn.banki.ru/cdn/card-designs/logo_sign_1_3445293892.svg,2312,Накопительный счет,https://www.banki.ru/products/deposits/deposit/23873/,13.4,13.4,1,,1,61.0,RUB,13.4,False,True,True,True,,,,по выбору клиента,на льготных условиях,4.0,13.4
11752949,Ozon Банк,https://cdn.banki.ru/cdn/bank/11752949_modern_logo_url.svg,3542,Срочный,https://www.banki.ru/products/deposits/deposit/24384/,13.38,13.38,10000,,122,122.0,RUB,13.61,False,True,False,False,,,,есть,по ставке до востребования,11.01,13.61
11752949,Ozon Банк,https://cdn.banki.ru/cdn/bank/11752949_modern_logo_url.svg,3542,Ежедневный доход,https://www.banki.ru/products/deposits/deposit/25494/,11.5,11.5,1,,1,,RUB,11.5,False,True,True,True,,,,по выбору клиента,на льготных условиях,11.5,11.5
11752949,Ozon Банк,https://cdn.banki.ru/cdn/bank/11752949_modern_logo_url.svg,3542,Накопительный счёт,https://www.banki.ru/products/deposits/deposit/23837/,14.1,14.1,1,,30,61.0,RUB,14.1,False,True,True,True,,,,по выбору клиента,на льготных условиях,7.0,14.1
17111,Банк Финсервис,https:,3388,Счастливое будущее,https://www.banki.ru/products/deposits/deposit/21336/,13.25,13.25,50000,,368,368.0,RUB,14.09,False,False,False,True,,,,есть,по ставке до востребования,14.09,14.09
63520,Уралсиб,https://cdn.banki.ru/cdn/bank/63520_modern_logo_url.svg,30,Выгодный,https://www.banki.ru/products/deposits/deposit/26107/,13.1,13.1,1000000,1399999.0,91,91.0,RUB,13.1,False,True,False,False,,,,нет,по ставке до востребования,12.9,13.1
63520,Уралсиб,https://cdn.banki.ru/cdn/bank/63520_modern_logo_url.svg,30,Уралсиб счет,https://www.banki.ru/products/deposits/deposit/24928/,10.0,10.0,1000000,2000000.0,30,,RUB,10.0,False,True,True,True,,,,по выбору клиента,на льготных условиях,10.0,10.0
12453,ГЕНБАНК,https:,2490,Пополняемый (в конце срока),https://www.banki.ru/products/deposits/deposit/25198/,11.8,11.8,30000,,91,91.0,RUB,11.8,False,True,False,True,,,,нет,по ставке до востребования,8.5,11.8
12453,ГЕНБАНК,https:,2490,Пополняемый (ежемесячно),https://www.banki.ru/products/deposits/deposit/25199/,11.65,11.65,30000,,91,91.0,RUB,11.65,False,True,False,True,,,,нет,по ставке до востребования,8.0,11.65
5919,Авангард,https:,2879,Базовый — Интернет (в конце срока),https://www.banki.ru/products/deposits/deposit/1497/,10.75,10.75,10000,,91,91.0,RUB,10.75,False,True,False,False,,,,нет,по ставке до востребования,9.75,10.75
5919,Авангард,https:,2879,Базовый (в конце срока),https://www.banki.ru/products/deposits/deposit/54/,10.75,10.75,30000,,91,91.0,RUB,10.75,False,False,False,False,,,,нет,по ставке до востребования,10.0,10.75
5919,Авангард,https:,2879,Базовый — Интернет (ежемесячно),https://www.banki.ru/products/deposits/deposit/1498/,9.75,9.75,10000,,91,91.0,RUB,9.75,False,True,False,False,,,,нет,по ставке до востребования,9.0,9.75
5919,Авангард,https:,2879,Базовый (ежемесячно),https://www.banki.ru/products/deposits/deposit/55/,9.75,9.75,30000,,91,91.0,RUB,9.75,False,False,False,False,,,,нет,по ставке до востребования,9.0,9.75
194209,РУСНАРБАНК,https://cdn.banki.ru/cdn/bank/194209_modern_logo_url.svg,3403,Максимальный доход + (1098 дней),https://www.banki.ru/products/deposits/deposit/21521/,10.04,10.04,10000,,1098,1098.0,RUB,10.04,False,True,False,False,,,,нет,на льготных условиях,10.04,10.04
194209,РУСНАРБАНК,https://cdn.banki.ru/cdn/bank/194209_modern_logo_url.svg,3403,Новое время,https://www.banki.ru/products/deposits/deposit/22835/,9.77,9.77,10000,,1098,1098.0,RUB,9.77,False,True,False,False,,,,нет,на льготных условиях,9.77,9.77
195706,Т-Банк,https://cdn.banki.ru/cdn/bank/195706_modern_logo_url.svg,2673,СмартВклад со стандартной ставкой,https://www.banki.ru/products/deposits/deposit/1701/,10.0,10.0,50000,,61,61.0,RUB,10.04,False,True,True,True,,,,по выбору клиента,по ставке до востребования,7.49,10.21
195706,Т-Банк,https://cdn.banki.ru/cdn/bank/195706_modern_logo_url.svg,2673,Накопительный счет,https://www.banki.ru/products/deposits/deposit/22988/,6.0,6.0,1,,30,,RUB,6.0,False,True,True,True,,,,по выбору клиента,на льготных условиях,6.0,6.0
195706,Т-Банк,https://cdn.banki.ru/cdn/bank/195706_modern_logo_url.svg,2673,СмартВклад с повышенной ставкой,https://www.banki.ru/products/deposits/deposit/14907/,12.0,12.0,50000,,30,30.0,RUB,12.0,False,True,True,True,,,,по выбору клиента,по ставке до востребования,11.57,12.12
76624,Банк «РЕСО Кредит»,https://cdn.banki.ru/cdn/bank/76624_modern_logo_url.svg,3450,Максимум,https://www.banki.ru/products/deposits/deposit/20750/,9.5,9.5,100000,,91,91.0,RUB,9.5,False,False,False,False,,,,нет,по ставке до востребования,7.5,9.5
76624,Банк «РЕСО Кредит»,https://cdn.banki.ru/cdn/bank/76624_modern_logo_url.svg,3450,Онлайн,https://www.banki.ru/products/deposits/deposit/22499/,9.5,9.5,100000,,91,91.0,RUB,9.5,False,True,False,False,,,,нет,по ставке до востребования,7.5,9.5
